article1_id,article2_id,score
65,35,0.8067208528518677
44,16,0.71211177110672
82,49,0.7192804217338562
85,84,0.8360342383384705
83,86,0.7356081008911133
6,24,0.6859868168830872
42,89,0.8539195656776428
48,78,0.8136300444602966
7,93,0.7722972631454468
59,7,0.7416829466819763
34,55,0.8689794540405273
58,31,0.8120874762535095
56,36,0.7418795228004456
32,17,0.825764000415802
1,66,0.8342594504356384
83,75,0.6738112568855286
38,41,0.7867065072059631
13,92,0.8381998538970947
51,5,0.817112922668457
50,5,0.779705286026001
91,16,0.8142824769020081
27,71,0.8317212462425232
92,80,0.8163779973983765
80,63,0.7536478638648987
85,95,0.7619888186454773
71,90,0.8092740178108215
95,85,0.7619888186454773
40,17,0.754092812538147
1,95,0.8170470595359802
22,17,0.831427812576294
18,37,0.7679607272148132
32,52,0.8139412999153137
13,41,0.7852832078933716
26,57,0.8207839727401733
58,81,0.7473246455192566
59,39,0.7598440051078796
7,74,0.7315387725830078
28,3,0.7588505148887634
31,63,0.7606704235076904
19,55,0.8671458959579468
57,4,0.7572556734085083
81,48,0.8072665929794312
11,51,0.8493967056274414
31,33,0.7761769890785217
62,55,0.8024466633796692
74,43,0.7116171717643738
71,39,0.8201441168785095
51,34,0.8233180642127991
95,48,0.8683938980102539
90,14,0.7726974487304688
11,84,0.8971624374389648
17,15,0.7513365745544434
86,12,0.7430204749107361
88,22,0.835868239402771
1,31,0.8388539552688599
9,4,0.7386186718940735
0,75,0.6912871599197388
29,61,0.7456329464912415
4,52,0.7484363317489624
73,88,0.8660367727279663
72,75,0.7425545454025269
87,12,0.7895878553390503
11,70,0.8679152131080627
79,50,0.8106210827827454
15,57,0.7851639986038208
91,74,0.8173741698265076
13,48,0.8040708303451538
59,29,0.7835464477539062
78,52,0.8558968305587769
58,90,0.8169834613800049
47,81,0.7482430338859558
49,34,0.7625522017478943
70,88,0.8607938885688782
64,73,0.8183247447013855
56,73,0.7923009991645813
6,40,0.7976198196411133
35,39,0.7716428637504578
8,53,0.7778788805007935
72,71,0.8093934059143066
36,91,0.7824679017066956
0,64,0.80548495054245
4,25,0.7462508082389832
53,80,0.791378378868103
24,82,0.7304466366767883
23,6,0.8589994311332703
42,51,0.834040641784668
54,39,0.8139947652816772
58,79,0.8364083766937256
62,18,0.8051076531410217
81,22,0.7640992999076843
56,36,0.7418795228004456
20,93,0.6831541061401367
29,38,0.8392020463943481
37,87,0.7400627732276917
30,89,0.7913383841514587
43,47,0.8124522566795349
60,55,0.8491301536560059
45,76,0.741330087184906
47,9,0.8321298360824585
22,93,0.698453962802887
74,83,0.7140341401100159
53,48,0.7745957374572754
53,41,0.7587865591049194
72,36,0.8483186364173889
81,83,0.7418674230575562
20,62,0.7138915657997131
18,0,0.8140612840652466
47,37,0.8082610368728638
2,53,0.6931049823760986
95,26,0.7816102504730225
36,48,0.7250498533248901
56,94,0.7877548336982727
59,78,0.7319870591163635
51,78,0.8098545074462891
32,52,0.8139412999153137
3,11,0.6513401865959167
63,31,0.7606704235076904
77,14,0.8144367337226868
4,23,0.7636188864707947
91,54,0.8337209820747375
71,74,0.7884460091590881
57,36,0.7827317118644714
35,73,0.7261662483215332
38,76,0.7218337655067444
92,59,0.7595639824867249
27,72,0.880577027797699
87,19,0.7859485149383545
81,60,0.78190016746521
31,57,0.8051557540893555
66,90,0.7907814979553223
47,12,0.8704879879951477
17,39,0.8546202182769775
15,26,0.741497278213501
78,43,0.7553555965423584
72,44,0.7377332448959351
84,77,0.8316054344177246
81,47,0.7482430338859558
26,38,0.8061334490776062
64,78,0.8091731667518616
36,76,0.6871067881584167
55,80,0.832583487033844
21,60,0.7590001225471497
26,14,0.7756004333496094
47,39,0.8206121325492859
83,55,0.8664408326148987
42,27,0.875922441482544
94,18,0.7463409900665283
49,66,0.7655007243156433
63,33,0.7168512940406799
52,91,0.8185137510299683
54,71,0.7811446189880371
23,81,0.7312332987785339
20,19,0.8173569440841675
71,12,0.8517280220985413
6,86,0.6842443346977234
88,14,0.8691465258598328
33,72,0.7705565690994263
81,22,0.7640992999076843
94,56,0.7877548336982727
77,48,0.8009426593780518
72,77,0.8411021828651428
94,80,0.8040719032287598
94,39,0.7482860684394836
66,27,0.8436158895492554
89,40,0.7782034873962402
86,54,0.7735986113548279
32,50,0.8305590152740479
22,61,0.7382851243019104
37,27,0.8098985552787781
49,0,0.7394863367080688
90,10,0.7470492124557495
36,75,0.6687731146812439
94,70,0.8113921284675598
70,33,0.8071509003639221
6,77,0.7889293432235718
23,44,0.6638472080230713
47,22,0.8003068566322327
26,73,0.7677035927772522
23,91,0.8618675470352173
49,5,0.6935781240463257
80,64,0.826847493648529
50,81,0.7218616604804993
41,87,0.8005827069282532
45,21,0.8641223907470703
90,24,0.7573527693748474
49,33,0.6836312413215637
33,3,0.6137059926986694
84,53,0.7999321222305298
28,93,0.6810126304626465
85,49,0.6989773511886597
19,74,0.7009119391441345
90,79,0.8270031809806824
4,62,0.7518184185028076
7,61,0.6896061301231384
10,40,0.7455654144287109
61,75,0.7460500597953796
75,49,0.772184431552887
37,39,0.7764522433280945
9,24,0.7106493711471558
44,71,0.750005841255188
0,77,0.7749605178833008
50,65,0.7504220604896545
63,47,0.7803090810775757
53,66,0.7943031191825867
65,67,0.7570637464523315
33,61,0.704962432384491
72,38,0.8062472939491272
40,52,0.814125657081604
73,15,0.6940855979919434
71,0,0.7790123820304871
8,91,0.889651358127594
46,88,0.8582735061645508
39,33,0.7586166858673096
79,49,0.7462672591209412
78,37,0.7347699403762817
11,28,0.7537024021148682
40,26,0.706076979637146
33,46,0.8963770866394043
92,71,0.8205310106277466
31,42,0.8731899261474609
22,64,0.8097416758537292
25,63,0.7775881290435791
18,68,0.8178139925003052
43,38,0.7490311861038208
68,91,0.8261775374412537
40,84,0.7637510299682617
80,10,0.8383510112762451
85,33,0.7989635467529297
7,21,0.8515844345092773
5,39,0.7980974912643433
29,55,0.8678004145622253
32,9,0.8227818608283997
28,63,0.7471054196357727
28,80,0.7403106093406677
81,94,0.7333211302757263
47,68,0.802609384059906
37,3,0.5893920660018921
36,69,0.7911565899848938
95,46,0.7497490048408508
64,77,0.8388237357139587
78,37,0.7347699403762817
71,84,0.8556289076805115
76,51,0.7012972235679626
26,11,0.8506762385368347
55,56,0.8158739805221558
93,3,0.6445114612579346
46,80,0.8430001735687256
53,55,0.7740882635116577
55,57,0.8175303936004639
18,8,0.7778080701828003
72,90,0.768284022808075
45,38,0.8765316605567932
78,70,0.8109829425811768
32,26,0.8368430733680725
50,43,0.7544035315513611
68,54,0.7628191113471985
15,95,0.7081707715988159
39,57,0.8168099522590637
35,92,0.7233015894889832
65,22,0.7518692016601562
35,56,0.748937726020813
82,51,0.7597055435180664
3,88,0.6606476306915283
62,5,0.7757800221443176
6,58,0.823054850101471
2,79,0.6696445345878601
13,7,0.8537449240684509
71,34,0.8606725931167603
85,57,0.8489672541618347
68,48,0.8146006464958191
94,15,0.7330271005630493
72,49,0.7559607028961182
14,31,0.7935102581977844
95,89,0.7794523239135742
46,81,0.6955973505973816
46,15,0.7348691821098328
67,86,0.7401971817016602
77,56,0.8049229383468628
32,46,0.8103632926940918
70,69,0.7778552770614624
90,26,0.8244694471359253
45,85,0.8101406097412109
37,8,0.7126117944717407
82,63,0.706786572933197
5,14,0.8040362000465393
24,69,0.771011233329773
66,72,0.8287879228591919
75,32,0.6787002086639404
62,36,0.7819836735725403
51,45,0.8589763641357422
0,61,0.7202819585800171
54,23,0.7508203387260437
65,52,0.7284761071205139
43,48,0.7440793514251709
9,34,0.8378416299819946
22,26,0.8182389140129089
60,44,0.6778672933578491
30,79,0.7780146598815918
69,16,0.8325782418251038
12,51,0.8694440722465515
24,10,0.7448679208755493
20,42,0.7712249755859375
91,5,0.7739220261573792
20,10,0.741916835308075
87,56,0.7974784970283508
36,62,0.7819836735725403
76,12,0.7156254053115845
61,92,0.6874017715454102
1,9,0.8439905643463135
91,27,0.9156208038330078
1,27,0.8379575610160828
61,17,0.8150114417076111
45,44,0.6912657022476196
26,47,0.7838353514671326
43,50,0.7544035315513611
72,5,0.8694652318954468
95,58,0.7933756113052368
49,45,0.7200244665145874
47,92,0.8523691892623901
61,26,0.7474911212921143
45,65,0.7556983232498169
55,93,0.7240641117095947
79,5,0.7554656863212585
15,44,0.6795843839645386
91,90,0.8267464637756348
87,37,0.7400627732276917
43,77,0.7892200946807861
10,64,0.7793231010437012
33,16,0.8387893438339233
62,52,0.7570703029632568
49,17,0.7559725046157837
44,57,0.6656505465507507
18,93,0.7508098483085632
40,42,0.7124406099319458
78,13,0.8591108322143555
12,50,0.8508116602897644
92,93,0.7496201992034912
28,35,0.8979623913764954
60,81,0.78190016746521
0,77,0.7749605178833008
35,46,0.7610235810279846
52,71,0.7990187406539917
7,37,0.7892898917198181
48,71,0.8087814450263977
49,11,0.7197401523590088
17,21,0.8222095370292664
48,13,0.8040708303451538
20,22,0.759293258190155
71,16,0.8317410349845886
57,63,0.7496193647384644
14,77,0.8144367337226868
9,91,0.8526685237884521
53,17,0.8125267624855042
5,25,0.8287230730056763
63,50,0.7022267580032349
4,67,0.8027553558349609
94,33,0.7636262774467468
3,71,0.7324874997138977
0,8,0.7289636135101318
9,36,0.7584108114242554
29,91,0.8528232574462891
5,48,0.7419430017471313
22,74,0.7432129383087158
48,67,0.7701736688613892
9,1,0.8439905643463135
9,55,0.8380499482154846
43,72,0.7772693037986755
50,2,0.7750573754310608
36,95,0.7210032343864441
8,75,0.816238284111023
37,57,0.7662215232849121
24,8,0.7830628156661987
69,37,0.7884718179702759
25,23,0.8508368730545044
2,77,0.7648071646690369
93,15,0.6478632092475891
92,21,0.8381958603858948
48,78,0.8136300444602966
36,73,0.8424907922744751
81,83,0.7418674230575562
75,43,0.6778510808944702
50,28,0.7226850390434265
62,87,0.7566958665847778
8,29,0.7854163646697998
26,56,0.791163444519043
19,61,0.6991150379180908
14,89,0.911626935005188
74,93,0.7046236395835876
22,72,0.8837730884552002
91,40,0.7268097996711731
55,15,0.7157101035118103
44,85,0.6748164296150208
9,6,0.8898284435272217
30,19,0.7719460725784302
7,88,0.8372699022293091
91,76,0.7881494760513306
70,40,0.7379449009895325
15,20,0.7212857007980347
39,68,0.8275632858276367
67,92,0.84513258934021
5,79,0.7554656863212585
8,50,0.7619332075119019
60,10,0.758264422416687
39,73,0.7677487730979919
12,15,0.7353646755218506
8,24,0.7830628156661987
70,22,0.7980961799621582
33,59,0.7366384267807007
31,56,0.793495237827301
0,71,0.7790123820304871
88,83,0.884839653968811
35,93,0.6974287629127502
93,5,0.7550079822540283
54,19,0.7447773218154907
91,22,0.8284053206443787
83,23,0.8846778273582458
15,24,0.7161535620689392
12,82,0.7846534252166748
24,89,0.7335116267204285
85,84,0.8360342383384705
60,15,0.7313998341560364
39,87,0.7902347445487976
49,11,0.7197401523590088
82,51,0.7597055435180664
55,35,0.781579852104187
55,89,0.86008220911026
47,7,0.8370123505592346
44,15,0.6795843839645386
29,79,0.7942517399787903
92,84,0.8488689064979553
40,14,0.7862560749053955
40,66,0.7487172484397888
93,91,0.7285963892936707
74,40,0.6917006969451904
64,34,0.846741259098053
7,9,0.8605605363845825
44,25,0.6982451677322388
25,0,0.8349016308784485
88,29,0.8312308192253113
80,66,0.8594942092895508
33,93,0.7231354117393494
72,22,0.8837730884552002
82,3,0.6801488399505615
68,43,0.7781141996383667
30,31,0.8687711358070374
52,31,0.7545901536941528
90,79,0.8270031809806824
49,69,0.7238625884056091
80,13,0.805374801158905
71,1,0.8579689860343933
31,5,0.8192000985145569
74,21,0.7052958607673645
41,35,0.7464635968208313
11,48,0.7306662797927856
61,49,0.7504827976226807
14,56,0.809572696685791
74,53,0.7262865900993347
16,94,0.7897470593452454
60,39,0.8215575218200684
0,44,0.6386522054672241
44,46,0.6755999326705933
94,40,0.7115374207496643
8,82,0.8054177761077881
73,72,0.8377636671066284
46,4,0.745845377445221
39,2,0.802618145942688
82,6,0.7126373648643494
20,76,0.7108666896820068
21,62,0.7108306288719177
74,69,0.7451573014259338
29,36,0.8614488840103149
12,24,0.7333688735961914
8,19,0.7655867338180542
84,61,0.7291431427001953
43,42,0.7999650835990906
0,74,0.7161029577255249
55,50,0.8352748155593872
2,16,0.7727658748626709
85,60,0.7985432744026184
37,12,0.8328688740730286
10,8,0.7299238443374634
36,72,0.8483186364173889
34,54,0.7645568251609802
52,45,0.8531820774078369
51,55,0.8197150230407715
80,15,0.7291174530982971
39,73,0.7677487730979919
71,51,0.8410031199455261
53,43,0.7850012183189392
26,64,0.8575400710105896
65,91,0.8393356204032898
95,39,0.7969508767127991
40,67,0.7516874074935913
45,3,0.684014081954956
48,24,0.7933794260025024
81,82,0.7416967749595642
94,15,0.7330271005630493
60,48,0.7634437084197998
32,6,0.8071087598800659
75,67,0.6702196002006531
9,80,0.8191848397254944
94,75,0.6881397366523743
94,28,0.7199284434318542
64,80,0.826847493648529
15,13,0.7676070332527161
20,62,0.7138915657997131
52,67,0.8312104940414429
87,45,0.7698159217834473
19,62,0.8049095273017883
68,63,0.738405704498291
87,70,0.8154111504554749
86,36,0.7037983536720276
7,70,0.7978090047836304
6,17,0.7683544158935547
51,31,0.7908262610435486
50,41,0.7653937935829163
30,85,0.76674485206604
1,46,0.7778924703598022
75,22,0.6914102435112
29,76,0.7238113284111023
51,12,0.8694440722465515
45,14,0.882554829120636
77,16,0.7832110524177551
86,60,0.7494135499000549
2,50,0.7750573754310608
28,54,0.7868579626083374
34,41,0.8217828273773193
39,17,0.8546202182769775
91,11,0.8083760142326355
79,65,0.7112309336662292
74,87,0.77942955493927
7,92,0.8880230188369751
35,82,0.8136219382286072
12,93,0.7410836815834045
37,84,0.7626548409461975
18,35,0.7608431577682495
16,58,0.8067824244499207
31,65,0.8111023902893066
6,73,0.8256201148033142
46,94,0.7632028460502625
8,77,0.8291853070259094
29,15,0.7037434577941895
67,6,0.7870991230010986
90,80,0.7996271252632141
17,92,0.8263463973999023
82,52,0.7245437502861023
65,26,0.7463486790657043
19,87,0.7859485149383545
17,15,0.7513365745544434
89,58,0.8652411103248596
59,44,0.6179038882255554
55,32,0.8231638669967651
20,7,0.8492554426193237
65,47,0.7509807348251343
31,93,0.7114115357398987
11,67,0.8464795351028442
40,16,0.7457071542739868
47,13,0.79902583360672
46,17,0.8315190076828003
15,65,0.7150902152061462
9,45,0.8399895429611206
88,74,0.735409140586853
75,46,0.6634505987167358
76,70,0.7915453314781189
79,46,0.7452229857444763
52,33,0.8368069529533386
71,11,0.8819241523742676
79,54,0.7208110094070435
38,20,0.8118753433227539
25,41,0.8345067501068115
86,47,0.729572594165802
79,24,0.7494865655899048
27,5,0.8326394557952881
71,80,0.8291527628898621
37,47,0.8082610368728638
91,87,0.836715817451477
31,83,0.8315067291259766
27,46,0.8038394451141357
35,4,0.7955995202064514
19,41,0.7877501249313354
52,74,0.7149800062179565
54,52,0.795395016670227
0,1,0.7955928444862366
84,24,0.7653817534446716
34,58,0.829138994216919
48,12,0.7667518258094788
85,87,0.7946403622627258
49,50,0.7155436873435974
19,74,0.7009119391441345
22,61,0.7382851243019104
52,42,0.7835244536399841
56,70,0.8194469213485718
52,87,0.7723679542541504
42,57,0.8339433670043945
28,69,0.7840114235877991
31,47,0.7936516404151917
35,16,0.8116090297698975
15,83,0.7488451600074768
25,5,0.8287230730056763
20,93,0.6831541061401367
81,77,0.7688201665878296
12,5,0.8524641990661621
4,88,0.7589795589447021
76,32,0.6845394968986511
81,88,0.7142866253852844
12,36,0.8108991384506226
83,10,0.7221212387084961
59,36,0.8452029228210449
2,59,0.7044573426246643
49,26,0.7266703844070435
78,77,0.7948497533798218
85,3,0.6525170803070068
44,93,0.6298966407775879
95,50,0.7711634039878845
10,13,0.7598591446876526
64,10,0.7793231010437012
78,85,0.7641213536262512
54,10,0.7269620895385742
86,67,0.7401971817016602
11,17,0.8303797245025635
41,22,0.8388914465904236
88,79,0.7882384061813354
81,65,0.7663235664367676
38,74,0.7512683272361755
94,48,0.7809655070304871
33,53,0.7198544144630432
19,2,0.7994956374168396
14,62,0.8073092103004456
59,83,0.7386687994003296
83,29,0.8166626691818237
40,18,0.766656756401062
37,75,0.6096837520599365
58,44,0.7059639692306519
84,38,0.8811403512954712
51,30,0.7575217485427856
7,44,0.6849896311759949
28,90,0.736217737197876
19,52,0.8453561067581177
8,53,0.7778788805007935
32,34,0.8501442074775696
66,16,0.8463677763938904
52,83,0.828870415687561
92,2,0.7776708602905273
2,47,0.7989349961280823
48,33,0.7322529554367065
5,15,0.6729189157485962
61,28,0.8152498602867126
55,2,0.782751202583313
23,70,0.8669626116752625
37,64,0.8007003664970398
10,67,0.7429082989692688
81,14,0.7307229042053223
11,47,0.778771698474884
1,59,0.7150909900665283
64,39,0.8210352659225464
7,29,0.8247208595275879
20,33,0.7939994931221008
78,44,0.7587684392929077
77,16,0.7832110524177551
71,8,0.8215458989143372
57,74,0.6970862746238708
85,46,0.7943632006645203
75,23,0.6772564053535461
88,28,0.7618171572685242
80,52,0.7761818766593933
12,48,0.7667518258094788
95,86,0.8339715600013733
95,77,0.8618080615997314
19,25,0.87188321352005
73,28,0.7431980967521667
42,95,0.8176503777503967
37,26,0.780178427696228
7,12,0.8594028353691101
39,59,0.7598440051078796
91,92,0.8340557813644409
55,71,0.8390768766403198
21,12,0.808497965335846
41,2,0.7636802792549133
50,45,0.8171080946922302
63,71,0.7706264853477478
31,51,0.7908262610435486
8,92,0.7581495046615601
70,24,0.7710863351821899
28,19,0.7558329701423645
61,26,0.7474911212921143
35,87,0.7875953316688538
89,49,0.736392617225647
65,84,0.7332363128662109
4,44,0.8002236485481262
7,33,0.8558149337768555
10,33,0.7611205577850342
82,63,0.706786572933197
43,60,0.7438568472862244
74,14,0.7351375222206116
15,64,0.740523099899292
13,58,0.8241691589355469
56,17,0.8159795999526978
40,26,0.706076979637146
50,41,0.7653937935829163
65,67,0.7570637464523315
80,23,0.8364566564559937
50,62,0.7722350358963013
54,81,0.7643620371818542
0,76,0.6892017126083374
51,37,0.776599645614624
9,72,0.7884310483932495
94,80,0.8040719032287598
8,42,0.8244538903236389
19,74,0.7009119391441345
46,43,0.7371422052383423
77,21,0.7723963260650635
88,21,0.7992321252822876
42,29,0.8468154072761536
86,68,0.7450376152992249
95,72,0.8415172696113586
79,88,0.7882384061813354
39,78,0.7768535614013672
65,2,0.7661035060882568
26,50,0.8920996189117432
91,14,0.8387979865074158
4,38,0.7803969979286194
47,8,0.79119873046875
91,89,0.8909211754798889
33,78,0.8179916143417358
51,11,0.8493967056274414
58,56,0.8165739178657532
89,79,0.7582365274429321
27,26,0.8302547931671143
34,18,0.8211513757705688
91,82,0.8283098340034485
15,36,0.716038167476654
54,32,0.7434260845184326
12,73,0.8868651390075684
67,82,0.764643132686615
56,14,0.809572696685791
72,2,0.7719020843505859
25,67,0.8334658145904541
56,13,0.8649418950080872
1,41,0.786998987197876
64,67,0.8370425701141357
67,14,0.855168342590332
76,15,0.7369273900985718
45,67,0.8207898139953613
13,2,0.8200141191482544
68,61,0.7822185754776001
27,8,0.8791431188583374
55,28,0.7995423674583435
37,30,0.7160601615905762
50,64,0.8759415745735168
29,20,0.7726047039031982
24,13,0.8058635592460632
91,81,0.8072749972343445
10,82,0.673669159412384
67,92,0.84513258934021
38,71,0.8479069471359253
62,90,0.7685919404029846
76,55,0.7108507752418518
30,43,0.724181056022644
6,70,0.8067365884780884
48,58,0.7852978110313416
8,95,0.8820322751998901
51,39,0.7750758528709412
8,46,0.7396876811981201
95,29,0.8008559942245483
13,39,0.8329962491989136
67,69,0.8616458773612976
8,51,0.7562541365623474
43,4,0.7165758013725281
82,75,0.7309002876281738
87,53,0.6814830303192139
40,65,0.6909216046333313
15,49,0.684956431388855
73,86,0.7120580077171326
1,46,0.7778924703598022
68,33,0.8416423201560974
36,76,0.6871067881584167
81,2,0.7298580408096313
33,51,0.8451695442199707
8,35,0.8674076795578003
73,54,0.7294111251831055
89,11,0.8221799731254578
82,51,0.7597055435180664
94,13,0.7699536681175232
63,60,0.7377292513847351
0,15,0.7068972587585449
71,55,0.8390768766403198
30,88,0.8177443742752075
10,26,0.729218602180481
46,45,0.8396320939064026
3,15,0.666142463684082
85,47,0.7922370433807373
46,43,0.7371422052383423
66,62,0.8415259122848511
53,32,0.6951302886009216
69,60,0.762607991695404
70,87,0.8154111504554749
43,72,0.7772693037986755
54,79,0.7208110094070435
37,9,0.8310534358024597
66,53,0.7943031191825867
45,50,0.8171080946922302
4,88,0.7589795589447021
26,3,0.6556450724601746
31,64,0.8293810486793518
75,79,0.7093718647956848
44,95,0.7603524923324585
31,3,0.7409611940383911
9,84,0.8507658243179321
75,31,0.7319057583808899
81,90,0.7400130033493042
13,62,0.803827166557312
22,14,0.7828518152236938
51,20,0.8417823314666748
28,11,0.7537024021148682
56,85,0.785119354724884
68,81,0.7651330828666687
57,64,0.8286996483802795
74,63,0.7551712393760681
81,76,0.8011935949325562
30,95,0.8716180920600891
89,16,0.803406834602356
1,23,0.8339905738830566
77,0,0.7749605178833008
4,18,0.7380555868148804
7,89,0.8939673900604248
4,48,0.8248835206031799
48,62,0.7730370163917542
50,2,0.7750573754310608
28,80,0.7403106093406677
35,62,0.8241081833839417
35,27,0.8129066824913025
71,62,0.8247736692428589
23,63,0.7491868138313293
59,85,0.7413846850395203
12,38,0.8905839920043945
51,42,0.834040641784668
37,88,0.8438838124275208
3,10,0.651414155960083
52,53,0.7175891399383545
74,28,0.8853043913841248
76,14,0.7041391730308533
89,95,0.7794523239135742
43,75,0.6778510808944702
11,14,0.8169226050376892
1,56,0.8203771710395813
32,2,0.751359224319458
11,29,0.813209056854248
12,37,0.8328688740730286
52,30,0.7486146688461304
64,82,0.7614492774009705
43,31,0.7593147158622742
4,40,0.6981872320175171
89,68,0.8101680278778076
16,29,0.8362594842910767
11,4,0.7615546584129333
58,36,0.8094947338104248
78,6,0.8695043325424194
28,41,0.8004110455513
83,93,0.7032538652420044
72,26,0.7910406589508057
36,51,0.8175818920135498
89,77,0.8291885852813721
93,67,0.7329373955726624
34,25,0.8095430731773376
70,32,0.8064152598381042
28,32,0.7597365379333496
59,80,0.7101771831512451
32,6,0.8071087598800659
75,41,0.7226442098617554
0,31,0.7530693411827087
64,76,0.6728636026382446
59,63,0.7968502044677734
92,69,0.8563500642776489
22,25,0.8138522505760193
54,44,0.8088030219078064
32,51,0.8676874041557312
42,56,0.7986506819725037
50,30,0.7874204516410828
18,46,0.8175852298736572
91,54,0.8337209820747375
82,16,0.8007813692092896
40,90,0.7147037982940674
27,17,0.8678361773490906
64,95,0.7939395904541016
25,20,0.8077417612075806
59,20,0.7405048608779907
77,28,0.8280513882637024
91,48,0.8436588048934937
75,40,0.6541650891304016
51,20,0.8417823314666748
79,62,0.7591820955276489
50,61,0.7237529158592224
40,42,0.7124406099319458
56,54,0.755779504776001
62,33,0.7682138681411743
17,68,0.884824275970459
81,17,0.7731320858001709
77,68,0.838916540145874
51,90,0.8193512558937073
24,5,0.7312877178192139
35,32,0.7376815676689148
34,10,0.7541123628616333
57,48,0.743568480014801
83,67,0.8774287104606628
19,20,0.8173569440841675
81,12,0.7271973490715027
80,71,0.8291527628898621
57,69,0.807080090045929
0,39,0.758048951625824
93,28,0.6810126304626465
41,65,0.7484902143478394
87,16,0.7399623394012451
25,77,0.828525960445404
42,92,0.8514431715011597
1,61,0.7439441084861755
94,2,0.6891984939575195
18,77,0.8140138983726501
25,10,0.8129367828369141
57,86,0.7215948700904846
92,12,0.9108514189720154
15,26,0.741497278213501
8,43,0.7458638548851013
28,63,0.7471054196357727
62,72,0.7934836745262146
6,28,0.7137320041656494
93,3,0.6445114612579346
48,37,0.6996018886566162
39,12,0.8521184921264648
33,44,0.6727743148803711
22,56,0.7630882263183594
58,11,0.8088992834091187
40,86,0.6810757517814636
2,77,0.7648071646690369
16,40,0.7457071542739868
20,37,0.7776249051094055
8,91,0.889651358127594
65,5,0.7051748037338257
78,3,0.7141004800796509
91,66,0.8242171406745911
18,92,0.8612849712371826
20,49,0.6894704103469849
35,40,0.7172518968582153
76,85,0.7013777494430542
40,81,0.6781941056251526
61,50,0.7237529158592224
83,61,0.7369148135185242
61,43,0.706931471824646
58,95,0.7933756113052368
49,84,0.748440682888031
89,24,0.7335116267204285
74,22,0.7432129383087158
14,30,0.7505485415458679
5,16,0.7801443934440613
4,52,0.7484363317489624
73,48,0.7269886136054993
78,0,0.8056201934814453
53,81,0.7366573810577393
41,27,0.8147861361503601
54,10,0.7269620895385742
48,3,0.7557844519615173
92,65,0.7223824262619019
28,66,0.8591082692146301
80,1,0.7899276614189148
43,13,0.7461627125740051
91,12,0.8897114992141724
81,89,0.7325441837310791
93,7,0.7722972631454468
66,4,0.7694257497787476
58,12,0.8438820838928223
34,11,0.8521860241889954
37,5,0.836233377456665
83,9,0.8975735306739807
36,76,0.6871067881584167
76,69,0.7217914462089539
75,27,0.7430101037025452
47,84,0.8109854459762573
24,56,0.7847780585289001
11,73,0.7977839708328247
93,38,0.778099775314331
74,87,0.77942955493927
33,49,0.6836312413215637
91,76,0.7881494760513306
50,28,0.7226850390434265
43,63,0.7617430090904236
55,93,0.7240641117095947
82,68,0.7642216682434082
80,28,0.7403106093406677
15,24,0.7161535620689392
51,26,0.8229251503944397
81,47,0.7482430338859558
87,34,0.8073714971542358
41,69,0.7933514714241028
64,60,0.8175957202911377
85,83,0.836142897605896
72,83,0.800553560256958
14,36,0.771713137626648
52,20,0.8399444818496704
51,86,0.7064073085784912
74,93,0.7046236395835876
86,26,0.6911560297012329
